963.766562
1308.231448
1468.002109
1509.135820
1563.700501
1579.086799
1584.497600
1601.452676
1603.795991
1784.616298
1820.979078
1873.489070
1939.671129
1951.077432
2032.560457
2094.492018
2106.159922
2144.155430
2161.858739
2165.623195
2252.530705
2323.239520
2365.133515
2381.651582
2433.656920
2462.298872
2470.755626
2524.142579
2552.683969
2576.330657
2614.328658
2653.740048
2720.248799
2752.318024
2781.013269
2843.132908
2862.250151
2910.747781
2927.386850
2934.877009
2939.109900
3044.537916
3105.506968
3128.728229
3190.341652
3212.028860
3287.552229
3309.902785
3312.459541
3359.530674
3382.959752
3442.214644
3471.146804
3490.856426
3495.794783
3499.367775
3545.679652
3580.264831
3592.040250
3603.417236
3608.083760
3617.347883
3619.305476
3646.507271
3664.599110
3711.872135
3717.141628
3786.342334
3813.535420
3839.043865
3870.404845
3915.358986
3944.815726
3974.574931
4000.391514
4019.028912
4036.262888
4046.477670
4057.162958
4066.569132
4080.046649
4143.217810
4155.144573
4192.874345
