#->->->->->->->->->->->->->->->->->->->->->->->->->->->->->->->->->->->->->->->->->->->->->->->->->->->->->->->->->->->->->->->->->->->->->->->->->->->->->->->->->
#->->->->->->->->->->->->->->->->->->->->->->->->->->->->->->->->->->->->->->->->->->->->->->->->->->->->->->->->->->->->->->->->->->->->->->->->->->->->->->->->->
#
# Crystal Structure:               hexagonal 
# Mass (mg):                       7.684976435144674
# Sample Dimensions (mm):          [0.869 1.01  1.193]
# Highest Order Basis Polynomial:  16        
# Number Of Calls:                 3616      
#
#->->->->->->->->->->->->->->->->->->->->->->->->->->->->->->->->->->->->->->->->->->->->->->->->->->->->->->->->->->->->->->->->->->->->->->->->->->->->->->->->->
#->->->->->->->->->->->->->->->->->->->->->->->->->->->->->->->->->->->->->->->->->->->->->->->->->->->->->->->->->->->->->->->->->->->->->->->->->->->->->->->->->
#
# c11 =  (139.702  +/-  0.315) GPa  (0.23%);    bounds (GPa): [120. 150.];    init value = 138.8 GPa
# c12 =  (44.414   +/-  0.381) GPa  (0.86%);    bounds (GPa): [25. 55.];      init value = 42.0 GPa
# c13 =  (16.36    +/-  0.936) GPa  (5.72%);    bounds (GPa): [ 0. 30.];      init value = 14.3 GPa
# c33 =  (192.655  +/-  0.9) GPa    (0.47%);    bounds (GPa): [180. 210.];    init value = 194.6 GPa
# c44 =  (44.295   +/-  0.068) GPa  (0.15%);    bounds (GPa): [30. 60.];      init value = 45.2 GPa
#
#->->->->->->->->->->->->->->->->->->->->->->->->->->->->->->->->->->->->->->->->->->->->->->->->->->->->->->->->->->->->->->->->->->->->->->->->->->->->->->->->->
#->->->->->->->->->->->->->->->->->->->->->->->->->->->->->->->->->->->->->->->->->->->->->->->->->->->->->->->->->->->->->->->->->->->->->->->->->->->->->->->->->
#
# index    f exp (MHz)    f calc (MHz)   difference (%)         2*df/dlnc11    2*df/dlnc12    2*df/dlnc13    2*df/dlnc33    2*df/dlnc44    

0        0.93416        0.91945        1.57409                0.062403       -0.019436      -0.000222      0.002744       0.954511       
1        1.34242        1.33669        0.42676                0.850636       -0.267189      -0.001968      0.012678       0.405843       
2        1.41057        1.40984        0.05196                0.022293       -0.004673      -4e-05         0.025237       0.957184       
3        1.47614        1.46724        0.60254                0.057136       -0.004765      -0.024415      0.561112       0.410933       
4        1.53052        1.52949        0.06724                0.031354       -0.002988      -0.015501      0.534013       0.453123       
5        1.54325        1.53643        0.44174                0.01989        -0.004877      -0.000888      0.04051        0.945365       
6        1.62581        1.62557        0.01511                1.235382       -0.267866      0.004011       0.009176       0.019298       
7        1.66394        1.66287        0.06418                1.055785       -0.28932       0.00013        0.011078       0.222327       
8        1.69665        1.70234        -0.33533               1.442474       -0.443864      -0.002011      0.002639       0.000762       
9        1.83162        1.82892        0.14726                0.179688       -0.054982      -0.004425      0.190521       0.689198       
10       1.85231        1.84917        0.16927                0.938491       -0.183883      -0.0057        0.002967       0.248125       
11       1.89117        1.89214        -0.0514                1.41658        -0.424181      -0.006521      0.014109       1.2e-05        
12       1.9885         1.98588        0.13203                0.856934       -0.228277      -0.037869      0.402593       0.006618       
13       2.01687        2.01257        0.21354                0.507099       -0.156252      -0.00679       0.381178       0.274764       
14       2.0274         2.01895        0.41675                1.267218       -0.272545      -0.006378      0.003419       0.008286       
15       2.10991        2.11141        -0.07107               0.11104        0.000494       -0.063419      0.95177        0.000115       
16       2.12458        2.11558        0.42344                0.570703       -0.018332      -0.005741      0.027931       0.425439       
17       2.15226        2.14172        0.48996                1.021406       -0.206053      -0.004533      0.003295       0.185885       
18       2.15967        2.16287        -0.14826               0.608194       -0.180201      0.00407        0.03342        0.534517       
19       2.22919        2.22054        0.38799                1.208465       -0.232784      0.005219       0.016426       0.002674       
20       2.28041        2.28038        0.00133                0.689503       -0.205057      -0.004294      0.037655       0.482192       
21       2.36148        2.35793        0.15022                0.635673       -0.124535      -0.014535      0.173273       0.330123       
22       2.38028        2.37264        0.32105                1.008366       -0.20814       0.000863       0.003587       0.195324       
23       2.40566        2.39928        0.2649                 0.547163       0.046218       -0.030138      0.411438       0.025318       
24       2.45312        2.44639        0.27443                0.701266       -0.171286      -0.01458       0.306834       0.177766       
25       2.45747        2.45395        0.14317                0.555353       -0.114487      -0.026528      0.162306       0.423356       
26       2.51063        2.50389        0.26837                0.767267       -0.220132      -0.013448      0.069172       0.397141       
27       2.54179        2.54337        -0.06217               0.174167       0.002167       -0.032585      0.454397       0.401854       
28       2.62742        2.62407        0.12735                0.183192       -0.033335      -0.030682      0.436483       0.444342       
29       2.6334         2.63798        -0.17391               0.868398       0.076648       0.022952       0.031548       0.000455       
30       2.66778        2.66901        -0.04613               0.71038        -0.216435      -0.004603      0.232091       0.278568       
31       2.67374        2.6706         0.11748                0.15247        -0.021467      -0.002314      0.168732       0.702579       
32       2.69297        2.68856        0.1637                 0.087664       -0.015062      -0.004293      0.191498       0.740193       
33       2.7063         2.71233        -0.22299               1.296801       -0.385787      0.008743       0.041415       0.038828       
34       2.72752        2.72829        -0.02833               1.396166       -0.407074      0.001653       0.005061       0.004195       
35       2.78113        2.78068        0.01633                0.142302       -0.041218      -0.00587       0.095739       0.809046       
36       2.85397        2.85534        -0.0481                0.730492       -0.145273      -0.006819      0.01914        0.40246        
37       2.8592         2.86299        -0.13248               0.589201       0.049378       -0.046211      0.161046       0.246586       
38       2.95201        2.95065        0.04587                0.761933       -0.216554      -0.001988      0.110346       0.346262       
39       2.96351        2.96649        -0.10058               0.896166       -0.252879      0.00046        0.083725       0.272528       
40       2.97424        2.9777         -0.11622               0.276083       -0.047991      -0.02375       0.291753       0.503905       
41       2.98465        2.98098        0.12303                0.890369       -0.245936      0.001318       0.08707        0.267178       
42       3.07071        3.07425        -0.11527               1.316751       -0.33769       -0.00307       0.00933        0.01468        
43       3.0855         3.08725        -0.05682               0.372031       -0.087737      -0.000919      0.198978       0.517647       
44       3.15138        3.15382        -0.07759               0.370244       -0.085219      -0.011201      0.16923        0.556946       
45       3.18215        3.17768        0.14046                0.545584       -0.137437      -0.004709      0.058713       0.537848       
46       3.21385        3.21208        0.05533                1.208005       -0.310894      -0.005777      0.005622       0.103044       
47       3.21902        3.22184        -0.08757               0.368438       -0.078272      -0.007126      0.058009       0.65895        
48       3.24617        3.25321        -0.21689               0.277992       -0.064438      -0.012468      0.30136        0.497555       
49       3.30823        3.31637        -0.24624               0.283903       -0.060718      0.001367       0.067057       0.708392       
50       3.33779        3.33611        0.05034                0.340689       -0.036368      -0.020296      0.287136       0.428839       
51       3.34125        3.33896        0.06846                0.735236       -0.192607      -0.012552      0.246802       0.223121       
52       3.43213        3.43291        -0.02251               0.379118       -0.055023      -0.011444      0.056388       0.630961       
53       3.47336        3.47494        -0.04546               0.583457       -0.177342      -0.007236      0.211088       0.390033       
54       3.50863        3.51207        -0.09785               0.495298       -0.144605      0.003022       0.035124       0.611161       
55       3.5367         3.53395        0.07768                0.435158       -0.045243      -0.011147      0.095733       0.5255         
56       3.54383        3.54489        -0.02989               0.402434       -0.006523      -0.01678       0.127059       0.49381        
57       3.54996        3.5472         0.07757                0.264663       -0.040205      -0.014656      0.22413        0.566068       
58       3.55264        3.56797        -0.43174               0.421435       -0.002339      -0.031271      0.221776       0.390398       
59       3.57592        3.58236        -0.18023               0.653002       -0.17036       -0.01074       0.152099       0.375999       
60       3.5884         3.59158        -0.08864               0.514301       -0.130034      -0.012736      0.187125       0.441344       
61       3.61826        3.62324        -0.13779               0.601196       -0.169166      -0.003164      0.166752       0.404382       
62       3.62344        3.62404        -0.01661               0.891459       -0.221086      -0.002455      0.020398       0.311684       
63       3.62946        3.63161        -0.05948               1.266295       -0.344083      0.00402        0.019149       0.05462        
64       3.67443        3.68301        -0.23361               1.233317       -0.302458      0.008685       0.021436       0.039019       
65       3.7091         3.70735        0.0473                 1.304327       -0.332558      0.000365       0.005943       0.021922       
66       3.71258        3.70843        0.11176                1.00096        -0.27132       -0.005648      0.061955       0.214053       
#67       0              3.76565        0                      0.0            -0.0           -0.0           0.0            0.0            
#68       0              3.78815        0                      0.0            -0.0           0.0            0.0            0.0            
#69       0              3.79733        0                      0.0            -0.0           -0.0           0.0            0.0            
#70       0              3.80204        0                      0.0            -0.0           0.0            0.0            0.0            
#71       0              3.81818        0                      0.0            -0.0           -0.0           0.0            0.0            
#72                      3.85306                                                                                                          
#73                      3.85663                                                                                                          
#74                      3.93272                                                                                                          
#75                      3.96903                                                                                                          
#76                      3.98463                                                                                                          
#77                      3.98832                                                                                                          
#78                      4.00089                                                                                                          
#79                      4.02394                                                                                                          
#80                      4.02471                                                                                                          
#81                      4.08267                                                                                                          
#
#->->->->->->->->->->->->->->->->->->->->->->->->->->->->->->->->->->->->->->->->->->->->->->->->->->->->->->->->->->->->->->->->->->->->->->->->->->->->->->->->->
#
# RMS = 0.034 %
#
#->->->->->->->->->->->->->->->->->->->->->->->->->->->->->->->->->->->->->->->->->->->->->->->->->->->->->->->->->->->->->->->->->->->->->->->->->->->->->->->->->
#->->->->->->->->->->->->->->->->->->->->->->->->->->->->->->->->->->->->->->->->->->->->->->->->->->->->->->->->->->->->->->->->->->->->->->->->->->->->->->->->->
