 908.10848E3
1249.13497E3
1307.07161E3
1343.11575E3
1376.60529E3
1436.99511E3
1579.79673E3
1596.18159E3
1604.30696E3
1714.69436E3
1746.44715E3
1767.05176E3
1776.74870E3
1787.63812E3
1803.07835E3
1820.55303E3
1890.32596E3
1924.78334E3
2025.26333E3
2043.19480E3
2047.54932E3
2167.09148E3
2189.28172E3
2203.24222E3
2208.22467E3
2273.24988E3
2277.88873E3
2290.22007E3
2303.87471E3
2339.65259E3
2488.29817E3
2497.88300E3
2509.14363E3
2542.74085E3
2547.63075E3
2552.58079E3
2632.75984E3
2665.13380E3
2691.12464E3
2728.72336E3
2762.35927E3
2767.58527E3
2846.98116E3
2905.13339E3
2957.77824E3
2989.93492E3
3000.88974E3
3045.56291E3
3053.35032E3
3070.60038E3
3095.01652E3
3126.38999E3
3158.01483E3
3186.40388E3
3223.93886E3
3243.36614E3
3244.22712E3
3303.10860E3
3316.85449E3
3333.65576E3
3365.00726E3
3372.17331E3
3376.80702E3
3415.57531E3
3423.66993E3
3428.26414E3
3448.99997E3
3459.12663E3
3472.64159E3
3518.75660E3
3542.50432E3
3551.53683E3
3556.78258E3
3561.71070E3
3577.68698E3
3580.31361E3
3652.65144E3
3676.54531E3
3678.75900E3
3717.74787E3
3727.98369E3
3731.45764E3
3743.55914E3
3777.12074E3
3836.80674E3
3867.71504E3
3876.84792E3
3900.31972E3
3908.08232E3
3928.91907E3
3946.54179E3
3955.38948E3
3962.66465E3
3975.29931E3
3987.25580E3
#4005.52869E3
#4017.30229E3
#4020.62651E3
#4038.16579E3
#4044.24433E3
#4084.12702E3
#4106.40681E3
#4122.14468E3
#4126.16262E3
#4151.96964E3
#4179.07516E3
#4193.09433E3
#4200.84894E3
#4212.67282E3
#4236.17094E3
#4258.71620E3
#4269.16792E3
#4276.61714E3
#4297.70159E3
#4304.82928E3
#4311.03797E3
#4322.61685E3
#4322.61685E3
#4336.47796E3
#4358.66684E3
#4397.98556E3
#4403.37677E3
#4431.10956E3
#4434.16921E3
#4441.74522E3
#4457.92071E3
#4467.35109E3
#4473.70328E3
#4483.98868E3
#4495.23167E3