#->->->->->->->->->->->->->->->->->->->->->->->->->->->->->->->->->->->->->->->->->->->->->->->->->->->->->->->->->->->->->->->->->->->->->->->->->->->->->->->->->
#->->->->->->->->->->->->->->->->->->->->->->->->->->->->->->->->->->->->->->->->->->->->->->->->->->->->->->->->->->->->->->->->->->->->->->->->->->->->->->->->->
#
# Crystal Structure:               hexagonal 
# Mass (mg):                       8.549999999999999
# Sample Dimensions (mm):          [0.935 1.01  1.231]
# Highest Order Basis Polynomial:  16        
# Number Of Calls:                 3982      
#
#->->->->->->->->->->->->->->->->->->->->->->->->->->->->->->->->->->->->->->->->->->->->->->->->->->->->->->->->->->->->->->->->->->->->->->->->->->->->->->->->->
#->->->->->->->->->->->->->->->->->->->->->->->->->->->->->->->->->->->->->->->->->->->->->->->->->->->->->->->->->->->->->->->->->->->->->->->->->->->->->->->->->
#
# c11 =  (119.854  +/-  0.309) GPa  (0.26%);    bounds (GPa): [110. 140.];    init value = 123.568 GPa
# c12 =  (28.058   +/-  0.384) GPa  (1.37%);    bounds (GPa): [20. 50.];      init value = 33.712 GPa
# c13 =  (14.273   +/-  0.886) GPa  (6.21%);    bounds (GPa): [ 0. 30.];      init value = 18.007 GPa
# c33 =  (142.826  +/-  0.891) GPa  (0.62%);    bounds (GPa): [125. 155.];    init value = 142.772 GPa
# c44 =  (44.006   +/-  0.099) GPa  (0.23%);    bounds (GPa): [30. 60.];      init value = 42.446 GPa
#
#->->->->->->->->->->->->->->->->->->->->->->->->->->->->->->->->->->->->->->->->->->->->->->->->->->->->->->->->->->->->->->->->->->->->->->->->->->->->->->->->->
#->->->->->->->->->->->->->->->->->->->->->->->->->->->->->->->->->->->->->->->->->->->->->->->->->->->->->->->->->->->->->->->->->->->->->->->->->->->->->->->->->
#
# index    f exp (MHz)    f calc (MHz)   difference (%)         2*df/dlnc11    2*df/dlnc12    2*df/dlnc13    2*df/dlnc33    2*df/dlnc44    

0        0.90811        0.90213        0.65797                0.028663       -0.006328      -0.000315      0.002925       0.975055       
1        1.24913        1.24776        0.11021                0.800836       -0.184397      -0.002823      0.016106       0.370279       
2        1.30707        1.3078         -0.05571               0.039692       0.000992       -0.031677      0.682166       0.308827       
3        1.34312        1.33837        0.35321                0.032109       0.000633       -0.027438      0.674787       0.319908       
4        1.37661        1.37696        -0.02591               0.019981       -0.002891      -0.000243      0.038922       0.94423        
5        1.437          1.43733        -0.02364               0.018675       -0.003044      -0.000965      0.050294       0.93504        
6        1.5798         1.58077        -0.06156               1.129579       -0.147111      0.000412       0.00551        0.011609       
7        1.59618        1.60076        -0.28674               1.280191       -0.285456      -0.004555      0.009001       0.000819       
8        1.60431        1.60365        0.04072                0.994588       -0.20195       0.001172       0.014364       0.191826       
9        1.71469        1.71335        0.07846                0.447627       -0.101754      -0.010944      0.472921       0.19215        
10       1.74645        1.74615        0.01692                0.182261       0.001814       -0.089414      0.905277       6.4e-05        
11       1.76705        1.76679        0.01468                1.13733        -0.146097      -0.005132      0.00356        0.010338       
12       1.77675        1.77739        -0.03608               0.860237       -0.09326       -0.009421      0.004831       0.237613       
13       1.78764        1.79217        -0.25331               0.780662       -0.147032      -0.044018      0.408265       0.002122       
14       1.80308        1.81205        -0.49772               1.21866        -0.282819      0.002875       0.061273       1.1e-05        
15       1.82055        1.81696        0.19722                0.167569       -0.036574      -0.004903      0.127385       0.746524       
16       1.89033        1.88143        0.47043                0.60025        0.046202       -0.013414      0.036397       0.330565       
17       1.92478        1.91301        0.61143                0.904711       -0.099262      -0.009434      0.005427       0.198558       
18       2.02526        2.0203         0.24498                1.047202       -0.099615      -0.001952      0.050368       0.003997       
19       2.04319        2.04142        0.08689                0.605574       0.037167       -0.028788      0.361901       0.024145       
20       2.04755        2.0467         0.04142                0.536569       -0.114194      0.006116       0.051029       0.520481       
21       2.16709        2.16509        0.09224                0.629223       -0.080442      -0.021431      0.232449       0.240201       
22       2.18928        2.18085        0.38526                0.941683       -0.109329      -0.011199      0.006153       0.172692       
23       2.20324        2.19669        0.2975                 0.637369       -0.133668      -0.009519      0.064792       0.441026       
24       2.20822        2.19899        0.41809                0.656238       -0.096827      -0.02012       0.258916       0.201793       
25       2.27325        2.2804         -0.31445               0.843654       0.100588       0.024432       0.030816       0.00051        
26       2.27789        2.28426        -0.27983               0.505166       -0.094703      -0.027398      0.250697       0.366238       
27       2.29022        2.29248        -0.0985                0.132771       0.011784       -0.032045      0.377344       0.510146       
28       2.30387        2.29911        0.20667                0.660565       -0.133953      -0.016518      0.089683       0.400223       
29       2.33965        2.34295        -0.14106               0.091059       0.003005       -0.028449      0.379856       0.554529       
30       2.4883         2.48679        0.06045                0.150252       -0.012087      -0.004808      0.240335       0.626307       
31       2.49788        2.49759        0.01158                0.115026       -0.011519      -0.006439      0.255047       0.647884       
32       2.50914        2.51186        -0.10813               0.510885       0.066388       -0.067281      0.255511       0.234497       
33       2.54274        2.54051        0.08778                0.714234       -0.146705      -0.006932      0.114          0.325403       
34       2.54763        2.55738        -0.38273               1.123265       -0.236624      0.006051       0.030496       0.076813       
35       2.55258        2.56111        -0.33409               1.244095       -0.254161      0.001128       0.003629       0.005309       
36       2.63276        2.63603        -0.12429               0.171764       -0.034891      -0.009435      0.113843       0.758718       
37       2.66513        2.66507        0.00232                0.634107       -0.074504      -0.00829       0.014629       0.434059       
38       2.69112        2.69045        0.02522                0.623078       -0.123714      -0.00452       0.111027       0.394129       
39       2.72872        2.73387        -0.18843               0.290165       -0.027411      -0.022593      0.223162       0.536677       
40       2.76236        2.76617        -0.13784               0.807831       -0.154263      -0.000893      0.138743       0.208582       
41       2.76759        2.77068        -0.11195               0.82551        -0.15428       -0.000699      0.133178       0.196291       
42       2.84698        2.84403        0.10354                0.329751       -0.047514      -0.004782      0.28628        0.436264       
43       2.90513        2.90678        -0.05673               1.189427       -0.196247      -0.008559      0.006716       0.008663       
44       2.95778        2.96069        -0.09848               0.308273       -0.053071      -0.011043      0.168907       0.586934       
45       2.98993        2.97681        0.43901                0.535645       -0.099094      -0.005819      0.079317       0.48995        
46       3.00089        3.00955        -0.28869               0.289544       -0.053669      -0.015607      0.291705       0.488027       
47       3.04556        3.03804        0.24705                0.662069       -0.122635      -0.014492      0.227483       0.247575       
48       3.05335        3.04639        0.22811                1.077639       -0.177483      -0.008131      0.005739       0.102237       
49       3.0706         3.07493        -0.14089               0.36017        -0.048749      -0.012126      0.067535       0.63317        
50       3.09502        3.08705        0.25751                0.342284       -0.020176      -0.022473      0.272964       0.427401       
51       3.12639        3.13519        -0.28153               0.398549       -0.063432      -0.01159       0.095754       0.580719       
52       3.15801        3.17109        -0.41412               0.276112       0.038939       -0.02358       0.188091       0.520438       
53       3.1864         3.19313        -0.21112               0.31154        0.035381       -0.036066      0.264399       0.424746       
54       3.22394        3.2087         0.47258                0.316224       -0.02227       -0.021158      0.260761       0.466443       
55       3.24337        3.24153        0.05661                0.494115       -0.106917      -0.007947      0.214327       0.406422       
56       3.24423        3.24652        -0.07075               0.234671       0.001069       -0.004969      0.118382       0.650848       
#57       0              3.32185        0                      0.0            -0.0           -0.0           0.0            0.0            
#58       0              3.32438        0                      0.0            -0.0           -0.0           0.0            0.0            
#59       0              3.32722        0                      0.0            -0.0           -0.0           0.0            0.0            
#60       0              3.37001        0                      0.0            -0.0           -0.0           0.0            0.0            
#61       0              3.37709        0                      0.0            -0.0           0.0            0.0            0.0            
#62                      3.38662                                                                                                          
#63                      3.42015                                                                                                          
#64                      3.43596                                                                                                          
#65                      3.43791                                                                                                          
#66                      3.44299                                                                                                          
#67                      3.45238                                                                                                          
#68                      3.45334                                                                                                          
#69                      3.5312                                                                                                           
#70                      3.53764                                                                                                          
#71                      3.54352                                                                                                          
#
#->->->->->->->->->->->->->->->->->->->->->->->->->->->->->->->->->->->->->->->->->->->->->->->->->->->->->->->->->->->->->->->->->->->->->->->->->->->->->->->->->
#
# RMS = 0.034 %
#
#->->->->->->->->->->->->->->->->->->->->->->->->->->->->->->->->->->->->->->->->->->->->->->->->->->->->->->->->->->->->->->->->->->->->->->->->->->->->->->->->->
#->->->->->->->->->->->->->->->->->->->->->->->->->->->->->->->->->->->->->->->->->->->->->->->->->->->->->->->->->->->->->->->->->->->->->->->->->->->->->->->->->
