#->->->->->->->->->->->->->->->->->->->->->->->->->->->->->->->->->->->->->->->->->->->->->->->->->->->->->->->->->->->->->->->->->->->->->->->->->->->->->->->->->
#->->->->->->->->->->->->->->->->->->->->->->->->->->->->->->->->->->->->->->->->->->->->->->->->->->->->->->->->->->->->->->->->->->->->->->->->->->->->->->->->->
#
# Crystal Structure:               hexagonal 
# Mass (mg):                       8.9       
# Sample Dimensions (mm):          [0.911 1.02  1.305]
# Highest Order Basis Polynomial:  16        
# Number Of Calls:                 36        
#
#->->->->->->->->->->->->->->->->->->->->->->->->->->->->->->->->->->->->->->->->->->->->->->->->->->->->->->->->->->->->->->->->->->->->->->->->->->->->->->->->->
#->->->->->->->->->->->->->->->->->->->->->->->->->->->->->->->->->->->->->->->->->->->->->->->->->->->->->->->->->->->->->->->->->->->->->->->->->->->->->->->->->
#
# c11 =  (138.357  +/-  0.273) GPa  (0.2%);     bounds (GPa): [120. 150.];    init value = 138.8 GPa
# c12 =  (42.159   +/-  0.319) GPa  (0.76%);    bounds (GPa): [25. 55.];      init value = 42.0 GPa
# c13 =  (14.464   +/-  0.478) GPa  (3.3%);     bounds (GPa): [ 0. 30.];      init value = 14.3 GPa
# c33 =  (194.327  +/-  0.416) GPa  (0.21%);    bounds (GPa): [180. 210.];    init value = 194.6 GPa
# c44 =  (45.059   +/-  0.05) GPa   (0.11%);    bounds (GPa): [30. 60.];      init value = 45.2 GPa
#
#->->->->->->->->->->->->->->->->->->->->->->->->->->->->->->->->->->->->->->->->->->->->->->->->->->->->->->->->->->->->->->->->->->->->->->->->->->->->->->->->->
#->->->->->->->->->->->->->->->->->->->->->->->->->->->->->->->->->->->->->->->->->->->->->->->->->->->->->->->->->->->->->->->->->->->->->->->->->->->->->->->->->
#
# index    f exp (MHz)    f calc (MHz)   difference (%)         2*df/dlnc11    2*df/dlnc12    2*df/dlnc13    2*df/dlnc33    2*df/dlnc44    

0        0.86329        0.85876        0.52487                0.032935       -0.009697      -0.000191      0.002944       0.974009       
1        1.31592        1.31229        0.27576                0.858089       -0.258226      -0.00184       0.013783       0.388194       
2        1.33774        1.33595        0.13327                0.024849       -0.001132      -0.014771      0.578444       0.412609       
3        1.35974        1.35989        -0.01062               0.017786       -0.00355       -3.7e-05       0.032322       0.953479       
4        1.3809         1.37993        0.06974                0.024078       -0.002087      -0.011889      0.55285        0.437048       
5        1.45132        1.45249        -0.081                 0.015804       -0.003593      -0.000582      0.046429       0.941941       
6        1.62763        1.62474        0.17735                1.242509       -0.249459      -0.001484      0.002003       0.006432       
7        1.6521         1.65974        -0.46277               1.408901       -0.41506       -0.002201      0.004246       0.004114       
8        1.66751        1.66345        0.24342                1.075399       -0.292528      0.000912       0.012479       0.203738       
9        1.70684        1.7064         0.02565                0.137172       -0.040364      -0.002048      0.122016       0.783224       
10       1.81958        1.81447        0.28059                0.963009       -0.177476      -0.004797      0.002547       0.216717       
11       1.8583         1.85866        -0.0191                1.372573       -0.399114      -0.007838      0.034357       2.3e-05        
12       1.87666        1.87207        0.24451                0.575969       -0.171245      -0.004991      0.423239       0.177028       
13       1.90524        1.90268        0.13416                0.883995       -0.232338      -0.029529      0.374123       0.003749       
14       1.91473        1.91411        0.03213                1.246253       -0.249928      -0.005554      0.002961       0.006268       
15       1.95026        1.94983        0.02192                0.109665       -0.014491      -0.041779      0.94647        0.000135       
16       2.04376        2.03851        0.2569                 1.022459       -0.191192      -0.004133      0.00256        0.170306       
17       2.05643        2.05153        0.23862                0.543089       0.010715       -0.004657      0.03141        0.419444       
18       2.07375        2.07787        -0.1987                0.616155       -0.175837      0.004155       0.040911       0.514617       
19       2.15402        2.14806        0.27687                1.202936       -0.213602      0.002918       0.006103       0.001645       
20       2.25913        2.25119        0.35124                0.660324       -0.121174      -0.011373      0.153259       0.318964       
21       2.26789        2.26383        0.17907                0.675164       -0.190539      -0.004724      0.047785       0.472315       
22       2.2821         2.27449        0.33332                0.554831       0.057395       -0.026368      0.380106       0.034037       
23       2.28672        2.27983        0.30145                0.998458       -0.195375      0.003244       0.006173       0.1875         
24       2.33161        2.32382        0.33432                0.634107       -0.146302      -0.009748      0.297791       0.224152       
25       2.35341        2.35594        -0.10765               0.610729       -0.134531      -0.026062      0.188987       0.360875       
26       2.3977         2.39556        0.08947                0.207949       -0.005362      -0.024527      0.400911       0.421028       
27       2.40523        2.4056         -0.01517               0.617034       -0.172669      -0.012115      0.106557       0.461194       
28       2.45235        2.45075        0.06527                0.057995       0.000641       -0.020297      0.463917       0.497745       
29       2.48109        2.48063        0.0184                 0.077787       -0.011435      -0.002575      0.190831       0.745392       
30       2.49577        2.48872        0.28254                0.231806       -0.04355       -0.000153      0.143272       0.668626       
31       2.51094        2.51862        -0.30589               0.870262       0.095929       0.015056       0.018489       0.000264       
32       2.573          2.57696        -0.15362               0.116289       -0.032301      -0.004203      0.083786       0.836428       
33       2.58712        2.58298        0.16                   0.741551       -0.215842      -0.003477      0.208017       0.269751       
34       2.64564        2.64839        -0.1041                1.371957       -0.386409      0.003252       0.005757       0.005443       
35       2.66083        2.66222        -0.0521                1.375771       -0.38168       0.000331       0.002394       0.003184       
36       2.70704        2.71379        -0.24937               0.743517       -0.13849       -0.005372      0.013731       0.386614       
37       2.7189         2.72034        -0.05293               0.589234       0.068241       -0.043315      0.169248       0.216592       
38       2.78717        2.78654        0.02248                0.764397       -0.210906      -0.001591      0.124465       0.323636       
39       2.81906        2.8194         -0.01181               0.265094       -0.049508      -0.015927      0.276964       0.523377       
40       2.85376        2.85262        0.04001                0.887395       -0.232227      -0.000389      0.102439       0.242783       
41       2.86775        2.86741        0.01179                0.91824        -0.238439      0.001212       0.099833       0.219154       
42       2.90047        2.89811        0.08111                0.386001       -0.091752      0.000465       0.209066       0.49622        
43       3.00496        3.00458        0.01294                0.359144       -0.083763      -0.007801      0.145227       0.587193       
44       3.02768        3.02632        0.0451                 1.309929       -0.315081      -0.004438      0.004019       0.005572       
45       3.05547        3.05861        -0.10296               0.42223        -0.094163      -0.004747      0.040289       0.636392       
46       3.0754         3.08014        -0.15423               0.314622       -0.079032      -0.010447      0.294555       0.480301       
47       3.12169        3.11219        0.30422                0.542611       -0.133719      -0.003741      0.064043       0.530805       
48       3.15397        3.14758        0.20252                1.203654       -0.290824      -0.005347      0.004585       0.087931       
49       3.18046        3.18307        -0.08195               0.431618       -0.100046      -0.005964      0.059686       0.614707       
50       3.196          3.19015        0.18305                0.28274        -0.025913      -0.014558      0.257948       0.499783       
51       3.23659        3.23127        0.16444                0.719542       -0.181227      -0.009577      0.22947        0.241791       
52       3.30216        3.30552        -0.10186               0.199999       -0.0244        -0.010863      0.214331       0.620933       
53       3.30783        3.31195        -0.12462               0.252688       -0.019433      -0.001325      0.05669        0.71138        
54       3.31186        3.31367        -0.05455               0.408468       -0.118669      -0.00511       0.183005       0.532306       
55       3.32676        3.32597        0.02376                0.472637       -0.068183      -0.005926      0.058565       0.542907       
56       3.33879        3.3408         -0.05998               0.366598       0.026706       -0.016265      0.141581       0.481379       
57       3.35034        3.36374        -0.39995               0.347804       0.039403       -0.024484      0.234648       0.40263        
58       3.40624        3.40667        -0.01259               0.589921       -0.149811      -0.005642      0.167093       0.398439       
59       3.41844        3.41811        0.00982                0.553912       -0.137408      -0.007116      0.178022       0.412589       
60       3.44505        3.44715        -0.06116               0.515027       -0.14388       0.002285       0.046334       0.580234       
61       3.45331        3.45429        -0.02836               0.606479       -0.164679      -0.002117      0.155983       0.404333       
62       3.50316        3.49831        0.13849                0.921022       -0.221716      -0.0002        0.015046       0.285849       
63       3.53302        3.53319        -0.00501               1.324926       -0.337721      -0.000522      0.002222       0.011096       
64       3.54799        3.54356        0.12485                0.774038       -0.195087      -0.002784      0.104539       0.319295       
65       3.58029        3.57013        0.28371                0.349873       -0.047091      -0.01109       0.197711       0.510597       
66       3.5902         3.59304        -0.07903               1.300065       -0.312945      0.002987       0.003611       0.006282       
67       3.59662        3.59397        0.07369                1.306274       -0.315581      -0.001588      0.002293       0.008602       
68       3.64897        3.64348        0.15033                0.367846       -0.053594      -0.005882      0.09063        0.601          
69       3.66914        3.66344        0.15542                0.964568       -0.249332      -0.002468      0.027939       0.259292       
70       3.68821        3.69716        -0.24264               1.088997       -0.272165      -0.006692      0.107752       0.082107       
71       3.69833        3.70359        -0.14236               1.386328       -0.393478      -0.00028       0.001185       0.006244       
72       3.7138         3.70885        0.13314                1.059244       -0.248046      -0.001184      0.024777       0.165209       
73       3.73026        3.72873        0.04091                0.335355       -0.071958      -0.012946      0.214683       0.534865       
74       3.74331        3.74049        0.07533                0.661048       -0.173368      -0.009356      0.080279       0.441398       
75       3.75044        3.75584        -0.14398               0.242665       -0.032797      0.000103       0.128989       0.661039       
76       3.76102        3.76807        -0.18741               0.570114       -0.159531      -0.004397      0.099205       0.49461        
77       3.76326        3.76902        -0.15322               0.342888       -0.068625      -0.006839      0.105472       0.627104       
78       3.81157        3.81666        -0.13362               0.660907       -0.135568      -0.01417       0.105865       0.382966       
79       3.86086        3.8693         -0.21874               0.752021       -0.191755      -0.001294      0.089986       0.351042       
80       3.8695         3.8798         -0.26615               1.377541       -0.383031      4.5e-05        0.00145        0.003995       
81       3.89889        3.9003         -0.03613               0.404999       -0.013744      -0.08215       0.639881       0.051015       
82       3.94284        3.94682        -0.10091               0.015992       0.000274       0.001608       0.980947       0.001179       
83       3.95379        3.95214        0.04171                0.474405       -0.093212      -0.00253       0.117206       0.504131       
#84       0              3.96289        0                      0.0            -0.0           -0.0           0.0            0.0            
#85       0              4.00868        0                      0.0            -0.0           -0.0           0.0            0.0            
#86       0              4.0098         0                      0.0            -0.0           -0.0           0.0            0.0            
#87       0              4.01106        0                      0.0            -0.0           -0.0           0.0            0.0            
#88       0              4.01914        0                      0.0            -0.0           -0.0           0.0            0.0            
#89                      4.01925                                                                                                          
#90                      4.03531                                                                                                          
#91                      4.05807                                                                                                          
#92                      4.08442                                                                                                          
#93                      4.11833                                                                                                          
#94                      4.12333                                                                                                          
#95                      4.13372                                                                                                          
#96                      4.13402                                                                                                          
#97                      4.16645                                                                                                          
#98                      4.18398                                                                                                          
#
#->->->->->->->->->->->->->->->->->->->->->->->->->->->->->->->->->->->->->->->->->->->->->->->->->->->->->->->->->->->->->->->->->->->->->->->->->->->->->->->->->
#
# RMS = 0.02 %
#
#->->->->->->->->->->->->->->->->->->->->->->->->->->->->->->->->->->->->->->->->->->->->->->->->->->->->->->->->->->->->->->->->->->->->->->->->->->->->->->->->->
#->->->->->->->->->->->->->->->->->->->->->->->->->->->->->->->->->->->->->->->->->->->->->->->->->->->->->->->->->->->->->->->->->->->->->->->->->->->->->->->->->
