 863.29026E3
1315.91817E3
1337.73503E3
1359.74477E3
1380.89500E3
1451.31822E3
1627.63088E3
1652.09744E3
1667.50984E3
1706.83902E3
1819.57930E3
1858.30156E3
1876.65904E3
1905.23763E3
1914.72647E3
1950.25794E3
2043.76186E3
2056.43212E3
2073.75414E3
2154.02407E3
2259.12807E3
2267.89061E3
2282.10003E3
2286.71967E3
2331.61226E3
2353.40916E3
2397.70204E3
2405.23253E3
2452.34804E3
2481.08831E3
2495.76852E3
2510.94302E3
2573.00362E3
2587.11726E3
2645.63523E3
2660.82908E3
2707.03599E3
2718.90309E3
2787.16882E3
2819.06376E3
2853.75688E3
2867.75014E3
2900.46742E3
3004.96437E3
3027.68386E3
3055.46618E3
3075.39672E3
3121.69006E3
3153.97073E3
3180.45916E3
3195.99857E3
3236.59496E3
3302.15734E3
3307.82955E3
3311.86348E3
3326.76492E3
3338.79288E3
3350.33570E3
3406.24202E3
3418.44161E3
3445.04604E3
3453.31463E3
3503.15774E3
3533.01801E3
3547.98701E3
3580.28718E3
3590.19900E3
3596.61762E3
3648.96855E3
3669.13826E3
3688.20675E3
3698.32770E3
3713.79513E3
3730.25952E3
3743.30769E3
3750.43747E3
3761.01986E3
3763.25729E3
3811.57110E3
3860.85874E3
3869.49730E3
3898.88949E3
3942.83692E3
3953.78688E3