1069.83123E3
1612.10495E3
1659.70831E3
1673.91331E3
1706.37047E3
1780.52323E3
2018.66344E3
2037.14134E3
2047.21939E3
2107.26264E3
2252.41920E3
2277.96596E3
2318.00835E3
2344.94154E3
2349.23148E3
2406.62853E3
2510.45743E3
2528.37272E3
2554.05563E3
2660.11394E3
2784.39027E3
2788.35754E3
2818.75505E3
2822.56544E3
2872.22156E3
2895.34328E3
2949.25254E3
2952.67849E3
3012.61715E3
3057.41862E3
3071.42213E3
3123.66104E3
3173.72103E3
3193.69449E3
3250.02340E3
3268.06404E3
3351.11794E3
3353.57240E3
3425.27647E3
3467.83897E3
3509.68371E3
3530.04151E3
3574.41741E3
3693.14450E3
3733.86466E3
3769.20140E3
3786.27743E3
3822.55042E3
3891.83172E3
3908.79584E3
3944.85447E3
3975.53750E3