->->->->->->->->->->->->->->->->->->->->->->->->->->->->->->->->->->->->->->->->->->->->->->->->->->->->->->->->->->->->->->->->->->->->->->->->->->->->->->->->->
->->->->->->->->->->->->->->->->->->->->->->->->->->->->->->->->->->->->->->->->->->->->->->->->->->->->->->->->->->->->->->->->->->->->->->->->->->->->->->->->->

Crystal Structure:               cubic     
Mass (mg):                       45.0      
Sample Dimensions (mm):          [1.45 2.01 3.02]
Highest Order Basis Polynomial:  10        
Number Of Calls:                 1385      

->->->->->->->->->->->->->->->->->->->->->->->->->->->->->->->->->->->->->->->->->->->->->->->->->->->->->->->->->->->->->->->->->->->->->->->->->->->->->->->->->
->->->->->->->->->->->->->->->->->->->->->->->->->->->->->->->->->->->->->->->->->->->->->->->->->->->->->->->->->->->->->->->->->->->->->->->->->->->->->->->->->

c11 =  (321.876  +/-  1.143) GPa  (0.36%);    bounds (GPa): [280. 350.];    init value = 321.62 GPa
c12 =  (103.883  +/-  1.428) GPa  (1.37%);    bounds (GPa): [ 50. 150.];    init value = 103.501 GPa
c44 =  (124.35   +/-  0.171) GPa  (0.14%);    bounds (GPa): [ 80. 180.];    init value = 124.996 GPa

->->->->->->->->->->->->->->->->->->->->->->->->->->->->->->->->->->->->->->->->->->->->->->->->->->->->->->->->->->->->->->->->->->->->->->->->->->->->->->->->->
->->->->->->->->->->->->->->->->->->->->->->->->->->->->->->->->->->->->->->->->->->->->->->->->->->->->->->->->->->->->->->->->->->->->->->->->->->->->->->->->->

index   f exp (MHz)    f calc (MHz)   difference (%)         2*df/dlnc11    2*df/dlnc12    2*df/dlnc44    

0       0.70706        0.69985        1.01883                0.009216       -0.002671      0.993454       
1       0.78746        0.78071        0.85683                1.10217        -0.276226      0.174056       
2       0.90416        0.89697        0.79499                1.070561       -0.264369      0.193808       
3       1.18113        1.17796        0.26882                1.391448       -0.391495      4.7e-05        
4       1.25573        1.25176        0.31634                0.172991       -0.038774      0.865783       
5       1.32767        1.32041        0.54645                0.270512       -0.068074      0.797561       
6       1.38556        1.38389        0.12042                0.619322       -0.17285       0.553527       
7       1.415          1.41263        0.16771                0.967899       -0.195381      0.227482       
8       1.53641        1.52929        0.46379                0.176671       -0.052807      0.876136       
9       1.56906        1.5708         -0.11096               1.318808       -0.365731      0.046923       
10      1.60261        1.59804        0.28524                0.695171       -0.130367      0.435196       
11      1.61434        1.60613        0.50823                1.160575       -0.314628      0.154053       
12      1.74246        1.73696        0.31579                0.301594       -0.086653      0.785058       
13      1.79484        1.79857        -0.20757               1.369324       -0.370429      0.001105       
14      1.82345        1.82398        -0.02933               0.101132       -0.001121      0.899989       
15      1.85221        1.85215        0.00318                1.334744       -0.412439      0.077695       
16      1.86472        1.86127        0.18503                0.470598       -0.1383        0.667702       
17      1.92926        1.92514        0.21308                0.647012       -0.176273      0.52926        
18      1.99012        1.9841         0.30254                0.692059       -0.178953      0.486894       
19      1.99881        1.99569        0.15614                0.289527       -0.041545      0.752017       
20      2.06115        2.06142        -0.01291               0.291626       -0.065295      0.773669       
21      2.09256        2.08921        0.16018                0.383176       -0.064707      0.681531       
22      2.20235        2.20463        -0.10371               1.472636       -0.473427      0.000792       
23      2.22719        2.2297         -0.11272               1.190252       -0.284189      0.093937       
24      2.25482        2.25509        -0.01204               0.152679       -0.039998      0.88732        
25      2.25834        2.25999        -0.0728                1.115089       -0.260832      0.145743       
26      2.27407        2.27531        -0.05455               1.016629       -0.223007      0.206378       
27      2.27985        2.27925        0.02644                1.008825       -0.232769      0.223944       
28      2.29046        2.28954        0.04031                1.037957       -0.267264      0.229307       
29      2.31333        2.31259        0.03213                0.511453       -0.136285      0.624832       
30      2.34565        2.34138        0.18205                0.398346       -0.104468      0.706122       
31      2.37501        2.37435        0.02804                1.065367       -0.275024      0.209657       
32      2.3967         2.39086        0.24342                1.120461       -0.25387       0.133409       
33      2.46391        2.46799        -0.16556               1.049814       -0.239858      0.190044       
34      2.49402        2.49547        -0.05792               1.008311       -0.279906      0.271595       
35      2.52528        2.52961        -0.17163               0.327885       -0.05825       0.730364       
36      2.53639        2.53622        0.00664                0.444561       -0.113475      0.668914       
37      2.56125        2.55451        0.26315                0.83451        -0.229908      0.395398       
38      2.59572        2.60455        -0.34007               0.382106       -0.092665      0.710559       
39      2.62021        2.61975        0.01774                1.054439       -0.289         0.234561       
40      2.63601        2.6391         -0.117                 1.115028       -0.276499      0.161471       
41      2.67061        2.67236        -0.06577               0.491152       -0.119476      0.628324       
42      2.67294        2.67467        -0.06472               1.003854       -0.224986      0.221131       
43      2.72457        2.72674        -0.07971               1.131057       -0.318325      0.187268       
44      2.74378        2.74895        -0.18818               0.433958       -0.106969      0.673011       
45      2.77141        2.77747        -0.21854               0.446737       -0.107745      0.661008       
46      2.77595        2.78628        -0.37212               0.375847       -0.089329      0.713482       
47      2.79249        2.79191        0.02068                1.08832        -0.309352      0.221032       
48      2.8302         2.83449        -0.1515                0.725595       -0.164609      0.439013       
49      2.84552        2.84441        0.03918                1.037648       -0.079178      0.04153        
50      0              2.86155        0                      0.0            -0.0           0.0            
51      0              2.88586        0                      0.0            -0.0           0.0            
52      0              2.95551        0                      0.0            -0.0           0.0            
53      0              2.95716        0                      0.0            -0.0           0.0            
54      0              2.95836        0                      0.0            -0.0           0.0            
55      0              3.04629        0                      0.0            -0.0           0.0            
56      0              3.05072        0                      0.0            -0.0           0.0            
57      0              3.071          0                      0.0            -0.0           0.0            
58      0              3.07549        0                      0.0            -0.0           0.0            
59      0              3.10462        0                      0.0            -0.0           0.0            
60                     3.18761                                                                            
61                     3.18907                                                                            
62                     3.19635                                                                            
63                     3.24677                                                                            
64                     3.26365                                                                            
65                     3.27981                                                                            
66                     3.29938                                                                            
67                     3.31216                                                                            
68                     3.31227                                                                            
69                     3.32337                                                                            

->->->->->->->->->->->->->->->->->->->->->->->->->->->->->->->->->->->->->->->->->->->->->->->->->->->->->->->->->->->->->->->->->->->->->->->->->->->->->->->->->
->->->->->->->->->->->->->->->->->->->->->->->->->->->->->->->->->->->->->->->->->->->->->->->->->->->->->->->->->->->->->->->->->->->->->->->->->->->->->->->->->
