 956.01934E3
1302.05137E3
1356.75743E3
1545.37677E3
1572.79877E3
1653.39779E3
1826.92509E3
1841.23950E3
1846.36500E3
1945.89308E3
1951.68907E3
2004.88607E3
2045.96087E3
2064.67505E3
2176.20607E3
2198.15181E3
2336.22789E3
2342.46661E3
2375.16313E3
2396.91741E3
2448.66938E3
2477.64591E3
2489.61123E3
2553.73746E3
2584.25055E3
2600.27836E3
2605.03837E3
2611.15201E3
2626.22743E3
2667.04963E3
2740.96043E3
2817.08218E3
2820.10515E3
2855.04026E3
2887.55626E3
3053.39415E3
3075.78499E3
3083.82253E3
3097.19111E3
3124.40571E3
3147.23230E3
3182.91510E3
3225.32168E3
3301.82351E3
3335.83022E3
3432.68408E3
3434.08752E3
3479.97992E3
3546.64822E3
3551.30579E3
3590.23395E3
3600.70824E3
3616.27595E3
3643.43646E3
3648.95391E3
3655.18804E3
3702.14819E3
3728.57180E3
3747.06781E3
3767.85926E3
3782.42613E3
3839.77560E3
3876.18612E3
3891.18317E3
3935.08797E3
3962.96907E3
3976.98265E3
3989.41006E3