#->->->->->->->->->->->->->->->->->->->->->->->->->->->->->->->->->->->->->->->->->->->->->->->->->->->->->->->->->->->->->->->->->->->->->->->->->->->->->->->->->
#->->->->->->->->->->->->->->->->->->->->->->->->->->->->->->->->->->->->->->->->->->->->->->->->->->->->->->->->->->->->->->->->->->->->->->->->->->->->->->->->->
#
# Crystal Structure:               hexagonal 
# Mass (mg):                       5.95      
# Sample Dimensions (mm):          [0.836 0.743 1.136]
# Highest Order Basis Polynomial:  16        
# Number Of Calls:                 3853      
#
#->->->->->->->->->->->->->->->->->->->->->->->->->->->->->->->->->->->->->->->->->->->->->->->->->->->->->->->->->->->->->->->->->->->->->->->->->->->->->->->->->
#->->->->->->->->->->->->->->->->->->->->->->->->->->->->->->->->->->->->->->->->->->->->->->->->->->->->->->->->->->->->->->->->->->->->->->->->->->->->->->->->->
#
# c11 =  (130.774  +/-  0.269) GPa  (0.21%);    bounds (GPa): [110. 150.];    init value = 131.0 GPa
# c12 =  (28.402   +/-  0.349) GPa  (1.23%);    bounds (GPa): [10. 50.];      init value = 28.058 GPa
# c13 =  (16.94    +/-  0.498) GPa  (2.94%);    bounds (GPa): [ 0. 40.];      init value = 17.3 GPa
# c33 =  (151.479  +/-  0.394) GPa  (0.26%);    bounds (GPa): [120. 160.];    init value = 151.7 GPa
# c44 =  (48.004   +/-  0.078) GPa  (0.16%);    bounds (GPa): [30. 70.];      init value = 48.29 GPa
#
#->->->->->->->->->->->->->->->->->->->->->->->->->->->->->->->->->->->->->->->->->->->->->->->->->->->->->->->->->->->->->->->->->->->->->->->->->->->->->->->->->
#->->->->->->->->->->->->->->->->->->->->->->->->->->->->->->->->->->->->->->->->->->->->->->->->->->->->->->->->->->->->->->->->->->->->->->->->->->->->->->->->->
#
# index    f exp (MHz)    f calc (MHz)   difference (%)         2*df/dlnc11    2*df/dlnc12    2*df/dlnc13    2*df/dlnc33    2*df/dlnc44    

0        0.95602        0.95049        0.57816                0.023732       -0.004862      -0.000346      0.00304        0.978436       
1        1.30205        1.30377        -0.13187               0.026513       0.002403       -0.035479      0.720542       0.286021       
2        1.35676        1.3563         0.0338                 0.025434       0.001691       -0.032376      0.705584       0.299668       
3        1.54538        1.54597        -0.03869               0.013497       -0.001757      -0.000934      0.057702       0.931492       
4        1.5728         1.55916        0.8673                 0.755029       -0.160278      -0.004347      0.024213       0.385382       
5        1.6534         1.65104        0.14282                0.013278       -0.001909      -0.002851      0.087581       0.903901       
6        1.82693        1.82653        0.02158                0.067655       0.011901       -0.083732      1.004162       1.4e-05        
7        1.84124        1.84143        -0.01015               0.282398       -0.057399      -0.013134      0.254795       0.53334        
8        1.84636        1.85022        -0.20857               1.120425       -0.126735      -0.00602       0.00374        0.008591       
9        1.94589        1.94717        -0.06547               1.194201       -0.245749      -0.004321      0.007577       0.048292       
10       1.95169        1.95043        0.0645                 0.935568       -0.160113      -0.000918      0.023356       0.202107       
11       2.00489        2.00386        0.05127                0.439805       -0.093402      -0.0052        0.27617        0.382627       
12       2.04596        2.0511         -0.25112               0.886198       -0.085975      -0.01405       0.007514       0.206313       
13       2.06468        2.0569         0.37672                0.823443       -0.131744      -0.043157      0.337346       0.014112       
14       2.17621        2.18338        -0.32963               1.243853       -0.253283      0.00352        0.005889       2e-05          
15       2.19815        2.19265        0.25028                1.104808       -0.121116      -0.015688      0.010051       0.021946       
16       2.33623        2.32605        0.43574                0.942334       -0.090072      -0.016892      0.011243       0.153387       
17       2.34247        2.32991        0.53587                0.628889       0.018972       -0.015791      0.054897       0.313033       
18       2.37516        2.37562        -0.01926               0.592823       -0.120236      0.007993       0.080393       0.439027       
19       2.39692        2.38529        0.48502                0.637963       0.04529        -0.047505      0.304431       0.05982        
20       2.44867        2.44566        0.12306                1.079163       -0.10098       0.003209       0.015203       0.003403       
21       2.47765        2.47942        -0.07164               0.617517       -0.062208      -0.021391      0.151694       0.314388       
22       2.48961        2.48293        0.26846                0.15156        -0.024239      -0.017015      0.363779       0.525914       
23       2.55374        2.56199        -0.32316               0.665575       -0.079001      -0.064415      0.286903       0.190937       
24       2.58425        2.58341        0.03237                0.063066       0.004838       -0.023041      0.343297       0.611839       
25       2.60028        2.59659        0.14195                0.663238       -0.053144      -0.027186      0.16542        0.251672       
26       2.60504        2.59788        0.27478                0.899207       -0.109724      0.008548       0.020767       0.181202       
27       2.61115        2.61355        -0.09184               0.39534        -0.07751       -0.013098      0.169512       0.525755       
28       2.62623        2.62423        0.07592                0.145908       -0.024144      -0.010794      0.264461       0.624569       
29       2.66705        2.6631         0.14806                0.25702        -0.034618      -0.005863      0.18726        0.596201       
30       2.74096        2.74895        -0.29161               0.888284       0.085157       0.010151       0.015828       0.00058        
31       2.81708        2.80296        0.5014                 0.57579        -0.085429      -0.017467      0.12732        0.399787       
32       2.82011        2.82443        -0.15325               0.113229       -0.020488      -0.00815       0.083106       0.832303       
33       2.85504        2.8618         -0.23671               0.604952       0.061354       -0.099082      0.325593       0.107182       
34       2.88756        2.88112        0.22292                0.626246       -0.12394       -0.008908      0.172476       0.334127       
35       3.05339        3.05387        -0.01563               0.697097       -0.071469      -0.011694      0.01375        0.372316       
36       3.07578        3.07641        -0.02026               0.325516       -0.04198       -0.016901      0.194324       0.539041       
37       3.08382        3.09149        -0.24853               1.229397       -0.235346      0.001912       0.001843       0.002194       
38       3.09719        3.10012        -0.09442               1.148627       -0.209108      -0.008017      0.019425       0.049074       
39       3.12441        3.12865        -0.13591               0.354913       -0.056163      -0.008144      0.297006       0.412389       
40       3.14723        3.14157        0.17977                0.720231       -0.132258      -0.004009      0.110724       0.305312       
41       3.18292        3.18833        -0.16999               0.784489       -0.126915      -0.009726      0.146551       0.205602       
42       3.22532        3.22604        -0.02224               0.907951       -0.151176      -0.005628      0.123361       0.125491       
43       3.30182        3.31127        -0.28605               0.354007       -0.057633      -0.022178      0.309848       0.415956       
44       3.33583        3.34122        -0.1616                0.285376       -0.029513      -0.014193      0.136529       0.621801       
45       3.43268        3.43347        -0.02285               0.276283       -0.012169      -0.020639      0.260586       0.495939       
46       3.43409        3.44273        -0.25154               0.488145       -0.081059      -0.004467      0.042806       0.554574       
47       3.47998        3.48365        -0.10546               1.131984       -0.16778       -0.015094      0.01748        0.033409       
48       3.54665        3.55445        -0.22008               0.201336       -0.013859      -0.017014      0.239449       0.590089       
49       3.55131        3.55848        -0.20207               0.378108       0.037956       -0.051017      0.307798       0.327154       
50       3.59023        3.58886        0.03817                0.509048       -0.079702      -0.010437      0.102327       0.478765       
51       3.60071        3.60169        -0.02714               0.410278       -0.062857      -0.012413      0.088151       0.576841       
52       3.61628        3.61325        0.08359                1.072374       -0.158437      -0.01525       0.014592       0.086721       
53       3.64344        3.63733        0.16756                0.627578       -0.105591      -0.015627      0.193488       0.300153       
54       3.64895        3.64641        0.06964                0.335575       -0.064857      -0.004093      0.163043       0.570332       
55       3.65519        3.65147        0.10182                0.280833       0.020043       -0.022562      0.13424        0.587446       
56       3.70215        3.70957        -0.20057               0.315359       -0.012283      -0.028413      0.309079       0.416257       
57       3.72857        3.73105        -0.06639               0.479854       -0.056883      -0.006842      0.052898       0.530973       
58       3.74707        3.74794        -0.02332               0.040912       -0.001372      0.012462       0.92919        0.018808       
59       3.76786        3.76938        -0.04047               0.616487       -0.102433      -0.008785      0.176541       0.318191       
60       3.78243        3.7807         0.04566                0.582055       -0.09417       -0.009467      0.183167       0.338415       
61       3.83978        3.84396        -0.10887               0.481421       -0.086488      -0.013749      0.208958       0.409859       
62       3.87619        3.87425        0.04998                0.330161       -0.01891       -0.016158      0.236275       0.468632       
63       3.89118        3.88242        0.22513                0.240274       -0.009993      -0.067436      0.491883       0.345272       
64       3.93509        3.93485        0.00599                0.215031       -0.005926      -0.063803      0.666731       0.187967       
65       3.96297        3.95859        0.11046                0.385364       -0.059725      -0.007602      0.169189       0.512774       
66       3.97698        3.97776        -0.0195                0.571251       -0.090854      -0.00583       0.126104       0.399329       
67       3.98941        3.98904        0.00938                0.883574       -0.128827      -0.006198      0.008445       0.243005       
#68       0              4.06714        0                      0.0            -0.0           -0.0           0.0            0.0            
#69       0              4.08717        0                      0.0            -0.0           -0.0           0.0            0.0            
#70       0              4.10647        0                      0.0            -0.0           -0.0           0.0            0.0            
#71       0              4.10687        0                      0.0            -0.0           -0.0           0.0            0.0            
#72       0              4.13909        0                      0.0            -0.0           -0.0           0.0            0.0            
#73                      4.14321                                                                                                          
#74                      4.15729                                                                                                          
#75                      4.16379                                                                                                          
#76                      4.18159                                                                                                          
#77                      4.22916                                                                                                          
#78                      4.2396                                                                                                           
#79                      4.24609                                                                                                          
#80                      4.27227                                                                                                          
#81                      4.32147                                                                                                          
#82                      4.3259                                                                                                           
#
#->->->->->->->->->->->->->->->->->->->->->->->->->->->->->->->->->->->->->->->->->->->->->->->->->->->->->->->->->->->->->->->->->->->->->->->->->->->->->->->->->
#
# RMS = 0.028 %
#
#->->->->->->->->->->->->->->->->->->->->->->->->->->->->->->->->->->->->->->->->->->->->->->->->->->->->->->->->->->->->->->->->->->->->->->->->->->->->->->->->->
#->->->->->->->->->->->->->->->->->->->->->->->->->->->->->->->->->->->->->->->->->->->->->->->->->->->->->->->->->->->->->->->->->->->->->->->->->->->->->->->->->
