#->->->->->->->->->->->->->->->->->->->->->->->->->->->->->->->->->->->->->->->->->->->->->->->->->->->->->->->->->->->->->->->->->->->->->->->->->->->->->->->->->
#->->->->->->->->->->->->->->->->->->->->->->->->->->->->->->->->->->->->->->->->->->->->->->->->->->->->->->->->->->->->->->->->->->->->->->->->->->->->->->->->->
#
# Crystal Structure:               hexagonal 
# Mass (mg):                       8.549999999999999
# Sample Dimensions (mm):          [0.935 1.01  1.231]
# Highest Order Basis Polynomial:  16        
# Number Of Calls:                 2248      
#
#->->->->->->->->->->->->->->->->->->->->->->->->->->->->->->->->->->->->->->->->->->->->->->->->->->->->->->->->->->->->->->->->->->->->->->->->->->->->->->->->->
#->->->->->->->->->->->->->->->->->->->->->->->->->->->->->->->->->->->->->->->->->->->->->->->->->->->->->->->->->->->->->->->->->->->->->->->->->->->->->->->->->
#
# c11 =  (119.824  +/-  0.342) GPa  (0.29%);    bounds (GPa): [110. 140.];    init value = 119.854 GPa
# c12 =  (28.284   +/-  0.423) GPa  (1.5%);     bounds (GPa): [20. 40.];      init value = 28.058 GPa
# c13 =  (13.769   +/-  0.59) GPa   (4.28%);    bounds (GPa): [ 0. 30.];      init value = 14.273 GPa
# c33 =  (142.562  +/-  0.522) GPa  (0.37%);    bounds (GPa): [125. 155.];    init value = 142.826 GPa
# c44 =  (44.023   +/-  0.09) GPa   (0.21%);    bounds (GPa): [30. 60.];      init value = 44.006 GPa
#
#->->->->->->->->->->->->->->->->->->->->->->->->->->->->->->->->->->->->->->->->->->->->->->->->->->->->->->->->->->->->->->->->->->->->->->->->->->->->->->->->->
#->->->->->->->->->->->->->->->->->->->->->->->->->->->->->->->->->->->->->->->->->->->->->->->->->->->->->->->->->->->->->->->->->->->->->->->->->->->->->->->->->
#
# index    f exp (MHz)    f calc (MHz)   difference (%)         2*df/dlnc11    2*df/dlnc12    2*df/dlnc13    2*df/dlnc33    2*df/dlnc44    

0        0.90811        0.90227        0.64266                0.028871       -0.006435      -0.000299      0.002913       0.97495        
1        1.24913        1.24683        0.18426                0.804381       -0.186818      -0.002686      0.015966       0.369157       
2        1.30707        1.30776        -0.05303               0.037753       0.00078        -0.029278      0.681759       0.308986       
3        1.34312        1.33825        0.3624                 0.03086        0.000418       -0.025311      0.674222       0.319812       
4        1.37661        1.37714        -0.03875               0.02005        -0.002932      -0.00018       0.03898        0.944082       
5        1.437          1.43752        -0.03648               0.01869        -0.003083      -0.00086       0.050339       0.934914       
6        1.5798         1.57959        0.01308                1.133319       -0.149667      0.00042        0.005149       0.010779       
7        1.59618        1.59877        -0.16229               1.284212       -0.289         -0.004169      0.008219       0.000738       
8        1.60431        1.60215        0.1347                 0.998634       -0.205034      0.001285       0.014345       0.19077        
9        1.71469        1.71218        0.14656                0.449984       -0.103265      -0.010073      0.475532       0.187822       
10       1.74645        1.74737        -0.05307               0.17931        -0.000201      -0.083596      0.904424       6.3e-05        
11       1.76705        1.76565        0.07921                1.140634       -0.148763      -0.004734      0.003305       0.009557       
12       1.77675        1.77689        -0.00773               0.861596       -0.095203      -0.008575      0.004406       0.237776       
13       1.78764        1.79163        -0.22308               0.781622       -0.149654      -0.041341      0.407228       0.002145       
14       1.80308        1.80952        -0.35702               1.21841        -0.285135      0.002883       0.063832       1.1e-05        
15       1.82055        1.81685        0.20327                0.165395       -0.036451      -0.004506      0.124638       0.750923       
16       1.89033        1.88213        0.43368                0.598286       0.046324       -0.012123      0.035958       0.331555       
17       1.92478        1.9124         0.64338                0.906269       -0.101389      -0.008525      0.004961       0.198683       
18       2.02526        2.01915        0.30176                1.064768       -0.107207      -0.00012       0.039291       0.003267       
19       2.04319        2.04198        0.05949                0.59053        0.04304        -0.029015      0.370459       0.024985       
20       2.04755        2.0455         0.10007                0.536288       -0.115095      0.006          0.051654       0.521152       
21       2.16709        2.16465        0.11245                0.630612       -0.082358      -0.020062      0.232415       0.239393       
22       2.18928        2.18009        0.41985                0.942337       -0.111813      -0.009549      0.005          0.174024       
23       2.20324        2.19574        0.34055                0.641072       -0.135871      -0.009015      0.064225       0.439588       
24       2.20822        2.19827        0.45062                0.656936       -0.098772      -0.018742      0.258851       0.201727       
25       2.27325        2.28005        -0.2992                0.84647        0.101478       0.022929       0.02868        0.000443       
26       2.27789        2.28398        -0.26759               0.506298       -0.095716      -0.02676       0.250987       0.365191       
27       2.29022        2.29325        -0.1324                0.13145        0.01182        -0.030408      0.37651        0.510628       
28       2.30387        2.29832        0.24095                0.664522       -0.136325      -0.01569       0.088629       0.398864       
29       2.33965        2.34354        -0.16617               0.089247       0.003131       -0.026916      0.379285       0.555254       
30       2.4883         2.48657        0.0696                 0.15009        -0.012235      -0.00437       0.240722       0.625793       
31       2.49788        2.49743        0.01816                0.114914       -0.011647      -0.005921      0.255254       0.6474         
32       2.50914        2.51485        -0.22749               0.510747       0.066773       -0.063759      0.252169       0.234071       
33       2.54274        2.53895        0.14905                0.734975       -0.152424      -0.006465      0.109137       0.314777       
34       2.54763        2.55429        -0.26155               1.107729       -0.235553      0.005811       0.033887       0.088127       
35       2.55258        2.55803        -0.21336               1.248095       -0.257483      0.001097       0.003381       0.00491        
36       2.63276        2.63613        -0.12802               0.172456       -0.035506      -0.008894      0.113742       0.758202       
37       2.66513        2.66462        0.01928                0.634808       -0.07581       -0.007701      0.014333       0.43437        
38       2.69112        2.68903        0.07801                0.624322       -0.125172      -0.004156      0.109952       0.395053       
39       2.72872        2.73425        -0.20248               0.288675       -0.027959      -0.021263      0.223412       0.537135       
40       2.76236        2.76395        -0.05764               0.808832       -0.156179      -0.00046       0.139091       0.208715       
41       2.76759        2.76846        -0.03146               0.826109       -0.156158      -0.000235      0.133546       0.196739       
42       2.84698        2.84308        0.13719                0.329272       -0.048064      -0.004091      0.286124       0.436759       
43       2.90513        2.90446        0.02312                1.193024       -0.199366      -0.007883      0.006203       0.008022       
44       2.95778        2.96037        -0.08769               0.308118       -0.053857      -0.010342      0.168346       0.587737       
45       2.98993        2.97577        0.47374                0.538277       -0.100557      -0.005438      0.079204       0.488513       
46       3.00089        3.00907        -0.27273               0.289562       -0.054465      -0.014776      0.291485       0.488193       
47       3.04556        3.03655        0.2959                 0.66429        -0.124325      -0.013584      0.226748       0.246872       
48       3.05335        3.04426        0.29769                1.08056        -0.180293      -0.0075        0.005329       0.101903       
49       3.0706         3.075          -0.14335               0.360293       -0.049641      -0.011438      0.067456       0.63333        
50       3.09502        3.08734        0.24803                0.341962       -0.020591      -0.021159      0.272562       0.427225       
51       3.12639        3.13492        -0.27286               0.399332       -0.06464       -0.010804      0.096042       0.580069       
52       3.15801        3.17254        -0.46005               0.275388       0.039339       -0.02222       0.187983       0.51951        
53       3.1864         3.19496        -0.26839               0.310562       0.03584        -0.034188      0.262769       0.425017       
54       3.22394        3.20898        0.46411                0.315813       -0.022702      -0.019892      0.260401       0.46638        
55       3.24337        3.23998        0.1043                 0.496374       -0.108496      -0.007574      0.214086       0.405609       
56       3.24423        3.24676        -0.07793               0.235505       0.000955       -0.004538      0.117671       0.650408       
57       3.30311        3.32155        -0.5584                0.435296       -0.0528        -0.005243      0.035372       0.587374       
58       3.31685        3.32319        -0.19086               0.584581       -0.102326      -0.010702      0.159417       0.36903        
59       3.33366        3.3262         0.22359                0.533795       -0.092026      -0.011548      0.17215        0.397629       
60       3.36501        3.36863        -0.10776               0.516686       -0.096978      -0.006901      0.176399       0.410794       
61       3.37217        3.3755         -0.09877               0.494477       -0.106285      0.002011       0.057134       0.552663       
62       3.37681        3.38298        -0.18294               1.15715        -0.21399       0.00391        0.014971       0.037958       
63       3.41558        3.41673        -0.0338                1.168247       -0.204268      0.002157       0.009276       0.024588       
64       3.42367        3.4343         -0.31039               0.783935       -0.123517      -0.003991      0.03269        0.310884       
65       3.42826        3.43595        -0.2242                0.761956       -0.13986       -0.007348      0.115677       0.269575       
66       3.449          3.43921        0.2838                 1.203877       -0.220246      0.003678       0.004801       0.007889       
67       3.45913        3.45249        0.19177                0.393878       -0.028554      -0.01768       0.226363       0.425993       
68       3.47264        3.4534         0.55401                0.296626       -0.013028      -0.011716      0.222765       0.505354       
69       3.51876        3.52815        -0.26682               0.918341       -0.179285      -0.007831      0.204614       0.064161       
70       3.5425         3.53703        0.15459                0.661664       -0.113655      -0.022977      0.17778        0.297188       
71       3.55154        3.54114        0.29265                0.985846       -0.173054      -0.008235      0.046828       0.148614       
72       3.55678        3.55337        0.09595                0.494375       -0.067962      -0.036613      0.24403        0.36617        
73       3.56171        3.57381        -0.33965               1.244747       -0.253259      0.000537       0.003244       0.004731       
74       3.57769        3.57994        -0.06288               0.493211       -0.027096      -0.080923      0.481539       0.133269       
75       3.58031        3.58327        -0.08245               0.080603       -0.006537      0.000931       0.918985       0.006018       
#76       0              3.65299        0                      0.0            -0.0           -0.0           0.0            0.0            
#77       0              3.68295        0                      0.0            -0.0           -0.0           0.0            0.0            
#78       0              3.69064        0                      0.0            -0.0           -0.0           0.0            0.0            
#79       0              3.70281        0                      0.0            -0.0           -0.0           0.0            0.0            
#80       0              3.72266        0                      0.0            -0.0           -0.0           0.0            0.0            
#81                      3.73844                                                                                                          
#82                      3.74109                                                                                                          
#83                      3.75493                                                                                                          
#84                      3.79002                                                                                                          
#85                      3.84715                                                                                                          
#86                      3.87896                                                                                                          
#87                      3.87957                                                                                                          
#88                      3.89676                                                                                                          
#89                      3.92539                                                                                                          
#90                      3.93455                                                                                                          
#
#->->->->->->->->->->->->->->->->->->->->->->->->->->->->->->->->->->->->->->->->->->->->->->->->->->->->->->->->->->->->->->->->->->->->->->->->->->->->->->->->->
#
# RMS = 0.03 %
#
#->->->->->->->->->->->->->->->->->->->->->->->->->->->->->->->->->->->->->->->->->->->->->->->->->->->->->->->->->->->->->->->->->->->->->->->->->->->->->->->->->
#->->->->->->->->->->->->->->->->->->->->->->->->->->->->->->->->->->->->->->->->->->->->->->->->->->->->->->->->->->->->->->->->->->->->->->->->->->->->->->->->->
